 1    3.04667        6.8
 2    4.46667       10.8
 3    4.59333       12.8
 4    5.80667       11.4
 5       5.22       12.4
 6       5.18       11.4
 7    5.39333         13
 8       5.36         13
 9       6.36       10.4
10    7.54667       15.6
11    6.51333       14.8
12    7.30667       17.6
13       6.76         15
14    7.28667       21.4
15    7.22667       19.4
16    7.58667       15.4
17    7.29333       16.4
18    8.20667       14.6
19    8.71333         18
20    9.45333       17.2
21       9.42       20.6
22      10.26       19.4
23    9.71333       15.6
24       9.58       23.8
25      13.12       26.6
26    12.4933       24.2
27    13.4533         23
28      14.66       28.8
29    14.5467       29.2
30    15.1867       25.2
31      12.64       22.4
32    14.0667       32.4
33    13.6467       24.2
34    11.3867       22.8
35    12.6467       29.4
36      14.24       37.6
37    15.9933       34.8
38    14.3667       29.6
39    13.5533       27.4
40    15.4667       29.4
41    13.9067         28
42    15.2933       34.8
43    15.4867         31
44    18.5267       30.4
45    17.0133       31.2
46         23       44.4
47    24.3133       40.4
48    23.2467       42.6
49      26.16       40.4
50      26.64       44.8

