 1   0.457398          1
 2   0.355658          1
 3   0.303231     0.5075
 4   0.283219          1
 5   0.277984      0.645
 6   0.274894   0.554167
 7   0.260772       0.56
 8   0.292718   0.558333
 9    0.23721       0.55
10   0.191142   0.376551
11   0.249819   0.429121
12   0.240969   0.833333
13   0.233904   0.359924
14   0.213282   0.419444
15   0.226574   0.611667
16   0.228375   0.439564
17   0.218857       0.42
18   0.180229    0.34044
19    0.17194   0.428333
20   0.177408   0.450476
21   0.175515   0.530952
22   0.162797   0.289444
23   0.173002   0.308258
24   0.171471   0.269147
25    0.12073   0.240278
26   0.132367    0.32254
27    0.12172   0.207104
28   0.113114   0.242904
29   0.119391   0.267063
30   0.116429   0.217506
31   0.132498   0.210933
32   0.131734   0.247549
33   0.118603   0.256512
34   0.145744   0.252262
35   0.137204   0.376786
36   0.130576       0.38
37   0.104809   0.228071
38   0.117724   0.287008
39   0.130914   0.237682
40   0.113092   0.239328
41   0.132936   0.248922
42    0.10416    0.17193
43    0.12695   0.312319
44   0.103958   0.173153
45   0.108955   0.410417
46   0.0781782   0.166272
47   0.0737054   0.133653
48   0.0790214   0.205833
49   0.0685304   0.124379
50   0.0758236   0.160611

