 1   0.423068          1
 2   0.347095       0.65
 3   0.339149   0.766667
 4   0.336522   0.716667
 5   0.315184        0.9
 6   0.266403   0.683333
 7   0.323684   0.734286
 8   0.301719   0.633333
 9   0.263032        0.8
10   0.223699   0.484286
11   0.218699   0.383016
12   0.221214   0.483333
13    0.17084   0.361661
14   0.172553   0.379564
15   0.183877   0.359286
16   0.194767   0.456349
17   0.140447   0.409283
18   0.118736   0.210682
19   0.136821   0.262619
20   0.126681   0.283842
21   0.134492   0.389359
22   0.147677   0.334329
23   0.126726   0.289135
24   0.137026   0.312857
25   0.101619   0.303799
26   0.086591   0.185877
27   0.124287   0.343177
28   0.118041   0.220098
29   0.114366   0.311154
30   0.107636   0.405833
31   0.112656      0.245
32   0.129296   0.261826
33   0.130375   0.245868
34   0.117496   0.199457
35   0.141369   0.308611
36   0.136105   0.395833
37   0.151643   0.441789
38   0.141499   0.343089
39   0.136764   0.335516
40   0.162989    0.30125
41   0.147749   0.253311
42   0.134512   0.234859
43   0.158197   0.272381
44   0.148141   0.294169
45    0.15598   0.444924
46   0.171494   0.421383
47   0.141013   0.329444
48   0.142656   0.236432
49   0.153688   0.316473
50   0.156304   0.382778
51   0.139767   0.238609
52   0.149306   0.303248
53   0.160578   0.354167
54   0.171077   0.328263
55   0.155933   0.323377
56   0.172421   0.449286
57   0.174271   0.373571
58   0.167474   0.312543
59   0.174911   0.317851
60   0.165111   0.414637
61   0.162524    0.34373
62   0.180134   0.460397
63   0.183477   0.375202
64   0.153396    0.39173
65   0.193671   0.288652
66   0.185263   0.411905
67   0.208831   0.611667
68   0.218872   0.459286
69   0.226969     0.5725
70   0.212726   0.446786
71   0.232044   0.502619
72   0.206878   0.432897
73   0.230252    0.50373
74   0.221163   0.421786
75   0.206864   0.684286
76   0.219249   0.432619
77   0.198099    0.34119
78   0.175999     0.3025
79   0.208247   0.366667
80   0.253554   0.431786
81   0.208491   0.536667
82   0.230086   0.503333
83   0.165519   0.388452
84   0.197651   0.488452
85   0.219121   0.433333
86   0.199081   0.361508
87   0.188479   0.369841
88   0.228701   0.506667
89   0.218328   0.553333
90   0.183152   0.403333
91   0.218032   0.533333
92   0.210012   0.394405
93   0.258033   0.636667
94      0.227   0.645833
95   0.219338      0.625
96   0.221739     0.4275
97   0.226721   0.516667
98   0.216056   0.456783
99   0.220648        0.8
100   0.214014   0.368333
