 1       3.34       10.6
 2    3.40667          7
 3    4.22667         10
 4    4.36667       12.6
 5    4.92667       14.8
 6       5.12         14
 7    4.51333       14.2
 8    4.79333       15.6
 9    5.91333       16.6
10    7.13333       16.8
11       6.98       16.6
12    7.36667       17.2
13    9.16667       20.4
14    9.49333         18
15    8.43333       20.2
16    9.97333         22
17      11.78       26.4
18    13.3467       25.8
19    13.3267         28
20    13.9267       25.2
21    13.0533         23
22      11.36       23.6
23      13.26       22.2
24      14.14       24.2
25    17.8333       31.2
26    19.5867         29
27      17.58       29.2
28      16.26       28.4
29    15.1933       24.4
30    16.5267         28
31    16.3533       32.4
32    14.8733         24
33    13.6933       24.6
34    15.5067       25.8
35       12.8       19.4
36    14.5867         24
37    11.4733       18.4
38       12.3       19.6
39    12.1333       16.8
40    10.1133       15.2
41    10.9667       20.2
42    11.7267       22.8
43      10.58         17
44    11.6867         21
45    10.8133       17.4
46    10.5667       17.4
47    11.7267       18.4
48    11.7733       18.2
49      11.62         21
50      11.36         17
51    12.5133       17.6
52    11.1333       17.4
53      10.62         15
54      10.08       17.8
55      10.58         15
56    9.85333       16.2
57       9.74       19.2
58    9.71333       15.2
59    9.59333         16
60       10.5       16.6
61    9.79333       19.2
62        9.5       16.6
63    8.69333       13.8
64    10.4867       15.8
65    7.90667       12.2
66    8.20667       16.4
67    8.15333         19
68       7.28       12.2
69       7.82       18.2
70       7.56       15.2
71    7.19333         13
72    7.54667       13.4
73       7.36       11.2
74    7.56667       13.2
75    7.66667       14.8
76    8.11333       18.2
77    7.92667         18
78    8.33333       13.6
79    7.32667       13.4
80    6.00667       10.6
81       6.92       14.4
82    6.59333       16.8
83    8.73333       13.2
84    9.12667       13.6
85        7.7       13.8
86        7.3       12.6
87    8.65333       14.4
88    7.20667         13
89    7.89333       13.8
90    8.40667       13.2
91    7.48667       12.6
92    7.02667       17.6
93       6.86       10.6
94    7.48667       12.6
95    6.67333       12.2
96    7.37333       13.2
97    6.42667       10.6
98    7.68667         12
99    7.39333       13.6
100       6.94         13

