 1       3.34       10.6
 1   0.423068          1
 2    3.40667          7
 2   0.347095       0.65
 3    4.22667         10
 3   0.339149   0.766667
 4    4.36667       12.6
 4   0.336522   0.716667
 5    4.92667       14.8
 5   0.315184        0.9
 6       5.12         14
 6   0.266403   0.683333
 7    4.51333       14.2
 7   0.323684   0.734286
 8    4.79333       15.6
 8   0.301719   0.633333
 9    5.91333       16.6
 9   0.263032        0.8
10    7.13333       16.8
10   0.223699   0.484286
11       6.98       16.6
11   0.218699   0.383016
12    7.36667       17.2
12   0.221214   0.483333
13    9.16667       20.4
13    0.17084   0.361661
14    9.49333         18
14   0.172553   0.379564
15    8.43333       20.2
15   0.183877   0.359286
16    9.97333         22
16   0.194767   0.456349
17      11.78       26.4
17   0.140447   0.409283
18    13.3467       25.8
18   0.118736   0.210682
19    13.3267         28
19   0.136821   0.262619
20    13.9267       25.2
20   0.126681   0.283842
21    13.0533         23
21   0.134492   0.389359
22      11.36       23.6
22   0.147677   0.334329
23      13.26       22.2
23   0.126726   0.289135
24      14.14       24.2
24   0.137026   0.312857
25    17.8333       31.2
25   0.101619   0.303799
26    19.5867         29
26   0.086591   0.185877
27      17.58       29.2
27   0.124287   0.343177
28      16.26       28.4
28   0.118041   0.220098
29    15.1933       24.4
29   0.114366   0.311154
30    16.5267         28
30   0.107636   0.405833
31    16.3533       32.4
31   0.112656      0.245
32    14.8733         24
32   0.129296   0.261826
33    13.6933       24.6
33   0.130375   0.245868
34    15.5067       25.8
34   0.117496   0.199457
35       12.8       19.4
35   0.141369   0.308611
36    14.5867         24
36   0.136105   0.395833
37    11.4733       18.4
37   0.151643   0.441789
38       12.3       19.6
38   0.141499   0.343089
39    12.1333       16.8
39   0.136764   0.335516
40    10.1133       15.2
40   0.162989    0.30125
41    10.9667       20.2
41   0.147749   0.253311
42    11.7267       22.8
42   0.134512   0.234859
43      10.58         17
43   0.158197   0.272381
44    11.6867         21
44   0.148141   0.294169
45    10.8133       17.4
45    0.15598   0.444924
46    10.5667       17.4
46   0.171494   0.421383
47    11.7267       18.4
47   0.141013   0.329444
48    11.7733       18.2
48   0.142656   0.236432
49      11.62         21
49   0.153688   0.316473
50      11.36         17
50   0.156304   0.382778
51    12.5133       17.6
51   0.139767   0.238609
52    11.1333       17.4
52   0.149306   0.303248
53      10.62         15
53   0.160578   0.354167
54      10.08       17.8
54   0.171077   0.328263
55      10.58         15
55   0.155933   0.323377
56    9.85333       16.2
56   0.172421   0.449286
57       9.74       19.2
57   0.174271   0.373571
58    9.71333       15.2
58   0.167474   0.312543
59    9.59333         16
59   0.174911   0.317851
60       10.5       16.6
60   0.165111   0.414637
61    9.79333       19.2
61   0.162524    0.34373
62        9.5       16.6
62   0.180134   0.460397
63    8.69333       13.8
63   0.183477   0.375202
64    10.4867       15.8
64   0.153396    0.39173
65    7.90667       12.2
65   0.193671   0.288652
66    8.20667       16.4
66   0.185263   0.411905
67    8.15333         19
67   0.208831   0.611667
68       7.28       12.2
68   0.218872   0.459286
69       7.82       18.2
69   0.226969     0.5725
70       7.56       15.2
70   0.212726   0.446786
71    7.19333         13
71   0.232044   0.502619
72    7.54667       13.4
72   0.206878   0.432897
73       7.36       11.2
73   0.230252    0.50373
74    7.56667       13.2
74   0.221163   0.421786
75    7.66667       14.8
75   0.206864   0.684286
76    8.11333       18.2
76   0.219249   0.432619
77    7.92667         18
77   0.198099    0.34119
78    8.33333       13.6
78   0.175999     0.3025
79    7.32667       13.4
79   0.208247   0.366667
80    6.00667       10.6
80   0.253554   0.431786
81       6.92       14.4
81   0.208491   0.536667
82    6.59333       16.8
82   0.230086   0.503333
83    8.73333       13.2
83   0.165519   0.388452
84    9.12667       13.6
84   0.197651   0.488452
85        7.7       13.8
85   0.219121   0.433333
86        7.3       12.6
86   0.199081   0.361508
87    8.65333       14.4
87   0.188479   0.369841
88    7.20667         13
88   0.228701   0.506667
89    7.89333       13.8
89   0.218328   0.553333
90    8.40667       13.2
90   0.183152   0.403333
91    7.48667       12.6
91   0.218032   0.533333
92    7.02667       17.6
92   0.210012   0.394405
93       6.86       10.6
93   0.258033   0.636667
94    7.48667       12.6
94      0.227   0.645833
95    6.67333       12.2
95   0.219338      0.625
96    7.37333       13.2
96   0.221739     0.4275
97    6.42667       10.6
97   0.226721   0.516667
98    7.68667         12
98   0.216056   0.456783
99    7.39333       13.6
99   0.220648        0.8
100       6.94         13
100   0.214014   0.368333

