 1    3.04667        6.8
 1   0.457398          1
 2    4.46667       10.8
 2   0.355658          1
 3    4.59333       12.8
 3   0.303231     0.5075
 4    5.80667       11.4
 4   0.283219          1
 5       5.22       12.4
 5   0.277984      0.645
 6       5.18       11.4
 6   0.274894   0.554167
 7    5.39333         13
 7   0.260772       0.56
 8       5.36         13
 8   0.292718   0.558333
 9       6.36       10.4
 9    0.23721       0.55
10    7.54667       15.6
10   0.191142   0.376551
11    6.51333       14.8
11   0.249819   0.429121
12    7.30667       17.6
12   0.240969   0.833333
13       6.76         15
13   0.233904   0.359924
14    7.28667       21.4
14   0.213282   0.419444
15    7.22667       19.4
15   0.226574   0.611667
16    7.58667       15.4
16   0.228375   0.439564
17    7.29333       16.4
17   0.218857       0.42
18    8.20667       14.6
18   0.180229    0.34044
19    8.71333         18
19    0.17194   0.428333
20    9.45333       17.2
20   0.177408   0.450476
21       9.42       20.6
21   0.175515   0.530952
22      10.26       19.4
22   0.162797   0.289444
23    9.71333       15.6
23   0.173002   0.308258
24       9.58       23.8
24   0.171471   0.269147
25      13.12       26.6
25    0.12073   0.240278
26    12.4933       24.2
26   0.132367    0.32254
27    13.4533         23
27    0.12172   0.207104
28      14.66       28.8
28   0.113114   0.242904
29    14.5467       29.2
29   0.119391   0.267063
30    15.1867       25.2
30   0.116429   0.217506
31      12.64       22.4
31   0.132498   0.210933
32    14.0667       32.4
32   0.131734   0.247549
33    13.6467       24.2
33   0.118603   0.256512
34    11.3867       22.8
34   0.145744   0.252262
35    12.6467       29.4
35   0.137204   0.376786
36      14.24       37.6
36   0.130576       0.38
37    15.9933       34.8
37   0.104809   0.228071
38    14.3667       29.6
38   0.117724   0.287008
39    13.5533       27.4
39   0.130914   0.237682
40    15.4667       29.4
40   0.113092   0.239328
41    13.9067         28
41   0.132936   0.248922
42    15.2933       34.8
42    0.10416    0.17193
43    15.4867         31
43    0.12695   0.312319
44    18.5267       30.4
44   0.103958   0.173153
45    17.0133       31.2
45   0.108955   0.410417
46         23       44.4
46   0.0781782   0.166272
47    24.3133       40.4
47   0.0737054   0.133653
48    23.2467       42.6
48   0.0790214   0.205833
49      26.16       40.4
49   0.0685304   0.124379
50      26.64       44.8
50   0.0758236   0.160611


